30,558
30,556
30,721
30,620
30,619
30,720
30,719
30,557
30,555
30,618
30,718
30,717
30,768
30,554
30,617
30,716
30,715
30,553
30,616
30,714
30,713
30,552
30,615
30,712
30,711
30,551
30,710
30,614
30,709
30,550
30,708
30,613
30,707
30,706
30,549
30,612
30,705
30,704
30,548
30,611
30,703
30,702
30,547
30,610
30,701
30,700
30,546
30,609
30,699
30,698
30,545
30,608
30,697
30,696
30,544
30,695
30,607
30,694
30,693
30,543
30,606
30,692
30,691
30,542
30,605
30,690
30,689
30,541
30,604
30,688
30,687
30,540
30,603
30,686
30,685
30,539
30,602
30,684
30,683
30,538
30,682
30,601
30,681
30,537
30,680
30,600
30,679
30,678
30,536
30,599
30,677
30,535
30,676
30,598
30,675
30,674
30,534
30,597
30,673
30,672
30,533
30,596
30,671
30,670
30,532
30,669
30,595
30,668
30,531
30,667
30,594
30,666
30,665
30,530
30,593
30,664
30,529
30,663
30,592
30,662
30,661
30,528
30,591
30,660
30,659
30,527
30,590
30,658
30,657
30,526
30,589
30,656
30,655
30,525
30,654
30,588
30,653
30,652
30,524
30,587
30,651
30,523
30,650
30,586
30,649
44,11
30,648
30,522
30,585
30,647
30,646
30,521
30,584
30,645
30,644
30,520
30,583
30,643
30,642
30,519
30,641
30,582
4294967279,393
30,640
30,511
30,518
30,581
30,510
30,319
30,509
30,580
30,508
30,507
30,517
30,579
30,506
30,505
30,318
30,578
30,504
30,503
30,317
30,577
30,502
30,501
30,516
30,500
30,576
30,499
30,316
30,498
30,447
30,497
30,315
30,496
30,446
30,495
30,494
30,515
30,445
30,493
30,492
30,314
30,444
30,491
30,490
30,313
30,443
30,489
30,488
30,514
30,487
30,442
30,486
30,312
30,485
30,441
30,484
30,311
30,483
30,440
30,482
30,481
30,513
30,439
30,480
30,479
30,310
30,438
30,478
30,477
30,309
30,437
30,476
30,475
30,512
30,436
30,474
30,473
30,308
30,472
30,435
30,471
30,307
30,470
30,434
30,469
4294967279,392
30,468
30,306
30,433
30,467
30,466
30,305
30,432
30,465
30,304
30,464
30,431
30,463
30,462
30,303
30,430
30,461
30,460
30,302
30,459
30,429
30,458
30,301
30,457
30,428
30,456
30,455
30,300
30,427
30,454
30,453
30,299
30,426
4294967278,340
30,452
30,298
30,451
30,425
30,450
30,449
30,297
30,424
30,448
30,383
30,296
30,382
30,423
30,381
30,295
30,380
30,422
30,379
30,294
30,378
30,421
30,377
30,376
30,293
30,420
30,375
30,292
30,374
30,419
30,373
4294967294,487
4294967293,131
4294967293,130
4294967293,129
4294967293,128
4294967293,127
4294967293,126
4294967293,125
4294967293,124
4294967293,123
4294967293,122
4294967293,121
4294967293,120
4294967293,119
4294967293,118
4294967293,117
4294967293,116
4294967293,115
4294967293,114
4294967293,113
4294967293,112
4294967293,111
4294967293,110
4294967293,109
4294967293,108
4294967293,107
4294967293,106
4294967293,105
4294967293,104
4294967293,103
4294967293,102
4294967293,101
4294967293,100
4294967293,99
4294967293,98
4294967293,97
4294967293,96
4294967293,95
4294967293,94
4294967293,93
4294967293,92
4294967293,91
4294967293,90
4294967293,89
4294967293,88
4294967293,87
4294967293,86
4294967293,85
4294967293,84
4294967293,83
4294967293,82
4294967293,81
4294967293,80
4294967293,79
4294967293,78
4294967293,77
4294967293,76
4294967293,75
4294967293,74
4294967293,73
4294967293,72
4294967293,71
4294967293,70
4294967293,69
4294967293,68
4294967293,67
4294967293,66
4294967293,65
4294967293,64
4294967293,63
4294967293,62
4294967293,61
4294967293,60
4294967293,59
4294967293,58
4294967293,57
4294967293,56
4294967293,55
4294967293,54
4294967293,53
4294967293,52
4294967293,51
4294967293,50
4294967293,49
4294967293,48
4294967293,47
4294967293,46
4294967293,45
4294967293,44
4294967293,43
4294967293,42
4294967293,41
4294967293,40
4294967293,39
4294967293,38
4294967293,37
4294967293,36
4294967293,35
4294967293,34
4294967293,33
4294967293,32
4294967293,31
4294967293,30
4294967293,29
4294967293,28
4294967293,27
4294967293,26
4294967293,25
4294967293,24
4294967293,23
4294967293,22
4294967293,21
4294967293,20
4294967293,19
4294967293,18
4294967293,17
4294967293,16
4294967293,15
4294967293,14
4294967293,13
4294967293,12
4294967293,11
4294967293,10
4294967293,9
4294967293,8
4294967293,7
4294967293,6
4294967293,5
4294967293,4
4294967293,3
4294967293,2
4243767290,0
4243767289,0
4243767288,0
4243767287,0
4243767286,0
4243767285,0
4243767284,0
4243767283,0
4243767282,0
4243767281,0
4294967293,0
4294967279,91
4294967279,203
4294967279,205
4294967279,89
4294967279,90
4294967279,92
4294967279,378
4294967279,313
4294967279,379
4294967279,314
4294967279,206
4294967279,208
4294967279,207
4294967279,93
4294967279,209
4294967279,94
4294967279,95
4294967279,387
4294967279,316
4294967279,96
4294967279,210
4294967279,347
4294967279,317
4294967279,211
4294967279,97
4294967279,98
4294967279,212
4294967279,280
4294967279,213
4294967279,214
4294967279,215
4294967279,99
4294967279,100
4294967279,101
4294967279,102
4294967279,217
4294967279,219
4294967279,330
4294967279,223
